BMAC_or_Oxus_Civilization:I10410,0.073985,0.078196,-0.111251,-0.001615,-0.095402,0.022032,0.00893,-0.010615,-0.056449,-0.04811,-0.002273,0.004046,-0.011298,-0.010735,0.019001,0.041235,0.003781,0.004814,0.002263,-0.012381,-0.00861,-0.002349,-0.003451,-0.009037,0.015687
BMAC_or_Oxus_Civilization:I10411,0.079676,0.079211,-0.126335,0.013566,-0.107097,0.032351,0.022796,0.005769,-0.080582,-0.049568,0.00341,-0.006444,-0.002379,-0.002615,0.02728,0.031556,0.015255,-0.007855,0.006285,-0.022011,-0.002496,-0.015828,-0.012325,-0.016508,0.007305
BMAC_or_Oxus_Civilization:I1781,0.076261,0.083273,-0.112005,-0.005168,-0.092325,0.019522,0.015041,-0.007615,-0.067084,-0.035536,-0.005684,-0.006894,-0.009812,-0.012248,0.029316,0.012729,-0.022817,-0.002534,0.006411,-0.037143,0.000125,-0.016693,-0.006409,-0.011809,0.011735
BMAC_or_Oxus_Civilization:I1782,0.088782,0.073118,-0.101823,0.016796,-0.10525,0.029005,0.004935,-0.013846,-0.068311,-0.039181,-0.012504,0.000749,-0.005946,-0.00578,0.016829,0.0297,-0.012778,-0.003547,-0.003142,-0.02076,-0.005116,-0.018053,-0.013188,-0.004579,0.012334
BMAC_or_Oxus_Civilization:I1784,0.076261,0.070072,-0.112382,0.00969,-0.103712,0.023427,0.013161,-0.004846,-0.061971,-0.032438,-0.002436,0.007793,-0.000892,-0.004542,0.017915,0.023601,-0.004563,0.005954,0.009804,-0.023886,0.006239,-0.011129,-0.007272,-0.023738,0.013053
BMAC_or_Oxus_Civilization:I1788,0.081953,0.07718,-0.115399,-0.009044,-0.096941,0.013666,-0.002585,-0.004384,-0.070356,-0.036629,-0.006658,-0.004796,-0.003271,0.00523,0.011129,0.017767,-0.008996,-0.004941,-0.000251,-0.020135,-0.003619,-0.007048,0.001849,-0.018075,0.018202
BMAC_or_Oxus_Civilization:I1790,0.072847,0.080227,-0.119547,0.010982,-0.103096,0.011435,0.00705,-0.006,-0.057471,-0.031345,-0.001137,-0.002398,0.001635,-0.007432,0.022665,0.018828,-0.011604,-0.00038,0.014581,-0.026513,-0.007612,-0.012984,-0.002711,-0.012291,0.010179
BMAC_or_Oxus_Civilization:I1793,0.097888,0.067025,-0.112382,0.015827,-0.072013,0.019243,0.004465,-0.009923,-0.053176,-0.032985,-0.001624,0.019483,-0.005946,-0.018717,-0.00095,0.021347,-0.005867,-0.003041,0.004022,-0.012006,0.008111,-0.014591,0.00419,-0.009278,0.000359
BMAC_or_Oxus_Civilization:I2085,0.081953,0.09546,-0.07995,0.001615,-0.100634,0.010598,-0.004935,-0.013153,-0.066266,-0.043008,0.000325,0.013638,-0.006838,-0.019267,0.01045,0.033413,0.011604,-0.005194,0.000126,-0.022386,0.004367,-0.013725,0.011462,-0.015183,0.001916
BMAC_or_Oxus_Civilization:I2116,0.087644,0.087336,-0.120679,0.00646,-0.102788,0.026495,0.002585,-0.006692,-0.059516,-0.050844,-0.004222,0.002398,-0.003122,0.001789,0.016829,0.006099,-0.012126,0.003927,0.009553,-0.028138,-0.001996,-0.020897,-0.006532,-0.021449,0.018801
BMAC_or_Oxus_Civilization:I2121,0.071709,0.082258,-0.119924,0.004845,-0.10802,0.015618,0.014101,-0.004846,-0.071583,-0.048657,0.007795,0.002997,0.000743,0.001789,0.023072,0.030496,-0.003781,0.012289,-0.00352,-0.03164,-0.008235,-0.01929,0.003081,-0.032414,0.004431
BMAC_or_Oxus_Civilization:I3374,0.068294,0.073118,-0.100314,0.035853,-0.09571,0.029005,-0.00141,0.000923,-0.05379,-0.041185,-0.001786,0.001199,-0.01888,-0.005092,0.026194,0.031954,-0.005607,0.009375,0.008422,-0.022011,-0.006114,-0.019166,0.011462,-0.014701,0.020118
BMAC_or_Oxus_Civilization:I11026,0.085367,0.094444,-0.116153,-0.005168,-0.091094,0.021196,0.019741,0.007846,-0.05379,-0.038087,0,-0.003147,0.007136,-0.001514,0.008415,0.012198,-0.023339,0.001394,0.006159,-0.017383,-0.001123,-0.00779,-0.004683,-0.018798,0.011975
BMAC_or_Oxus_Civilization:I11027,0.080814,0.082258,-0.115022,0.01292,-0.096018,0.017012,0.011516,-0.003461,-0.062175,-0.040821,-0.005521,0.005395,-0.001933,-0.012248,0.014929,0.021877,-0.009518,0.003167,0.003645,-0.017759,-0.004118,-0.012118,0.007272,-0.022654,0.010777
BMAC_or_Oxus_Civilization:I4157,0.076261,0.078196,-0.113513,0.022287,-0.09571,0.020638,0.003995,-0.003923,-0.059312,-0.036083,0.007957,0.003297,0.003865,-0.000413,0.014251,0.019093,-0.021513,0.001647,0.014455,-0.026012,0.005865,-0.008161,-0.011585,-0.025184,-0.001916
BMAC_or_Oxus_Civilization:I5604,0.085367,0.07718,-0.111628,0.003553,-0.099095,0.01506,0.00564,0.004615,-0.06422,-0.037905,-0.000974,0.000599,-0.004757,-0.003303,0.013436,0.023336,-0.00678,0.003674,0.008925,-0.023886,-0.000125,-0.015333,0.000616,-0.019882,0.008742
BMAC_or_Oxus_Civilization:I5605,0.085367,0.075149,-0.111251,0.010013,-0.087401,0.024263,0.00047,-0.003923,-0.056244,-0.029522,0.004384,0.001499,0.008325,-0.010597,0.003936,0.020684,0.002738,0.010895,0.009302,-0.011756,-0.005989,-0.015457,-0.008258,-0.017954,0.012574
BMAC_or_Oxus_Civilization:I11028,0.069432,0.085304,-0.130484,0.01292,-0.109251,0.019801,0.011045,-0.009461,-0.081196,-0.055582,-0.003085,-0.003747,-0.005798,-0.006881,0.02348,0.039644,0.001434,0.002534,0.005782,-0.024512,-0.000499,-0.017188,-0.013434,-0.018677,0.019519
BMAC_or_Oxus_Civilization:I4285,0.076261,0.090382,-0.111251,-0.013889,-0.090786,0.019243,0.00893,0.000923,-0.069947,-0.034807,0.002111,0.001049,-0.004014,0.006744,0.006243,0.02201,-0.013038,0.003927,-0.000754,-0.024262,0.001747,-0.011871,0.004067,-0.018798,0.008143
BMAC_or_Oxus_Civilization:I4286,0.086506,0.092413,-0.118793,-0.001938,-0.081246,0.015618,0.00799,-0.007615,-0.077719,-0.039545,0,0.002248,-0.001635,-0.007432,0.015201,0.042031,0.00665,-0.007475,0.004651,-0.017759,0.007487,-0.013231,0.001849,-0.013857,0.009101
BMAC_or_Oxus_Civilization:I4288,0.072847,0.097491,-0.110496,-0.009367,-0.089247,0.017291,0.008225,0.001385,-0.060335,-0.036629,-0.00682,-0.004496,-0.010852,-0.012248,0.013165,0.025325,-0.002217,0.006588,0.008422,-0.014007,-0.004118,-0.009892,0.003697,-0.007712,0.00934
BMAC_or_Oxus_Civilization:I4289,0.078538,0.083273,-0.113513,-0.011951,-0.08617,0.015897,0.00705,-0.006461,-0.057676,-0.033167,-0.007307,-0.004346,0.009217,0.003165,0.014115,0.026651,-0.007302,0.002027,0.007542,-0.021135,-0.001996,-0.012118,0.008258,-0.016147,0.015567
BMAC_or_Oxus_Civilization:I7414,0.071709,0.075149,-0.128975,0.012274,-0.093864,0.023427,0.00141,-0.002538,-0.051949,-0.032074,-0.000812,0.004196,-0.010555,-0.010046,0.020358,0.039512,0.005867,0.006334,0.002388,-0.025512,0.006988,-0.020403,-0.003081,-0.02169,0.006826
BMAC_or_Oxus_Civilization:I7416,0.079676,0.080227,-0.116907,-0.003553,-0.089247,0.012829,0.00846,0.000692,-0.052767,-0.03262,-0.003573,0.004946,-0.004311,-0.003991,0.018729,0.03633,0.011083,-0.00076,0.002891,-0.018134,0.007112,-0.008903,0.002711,-0.016267,0.008382
BMAC_or_Oxus_Civilization:I7419,0.078538,0.085304,-0.118039,0.005814,-0.094479,0.032072,0.008225,-0.004154,-0.060539,-0.042279,-0.000974,0.002847,-0.008325,-0.010184,0.011808,0.019888,-0.005085,-0.003294,0.002011,-0.022386,0.000374,-0.015828,0.003944,-0.017472,0.008861
BMAC_or_Oxus_Civilization:I7420,0.086506,0.083273,-0.121056,-0.00323,-0.092325,0.017291,0.0094,-0.010615,-0.059107,-0.035172,0.003085,0,-0.005203,-0.007432,0.02348,0.03633,0.00678,0.001267,0.002388,-0.013757,0.00262,-0.010387,-0.001972,-0.013978,0.014729
BMAC_or_Oxus_Civilization:I7421,0.078538,0.090382,-0.114645,-0.001615,-0.092633,0.013945,0.015276,-0.002769,-0.05563,-0.039181,0.001786,0.007343,-0.009514,-0.008808,0.018594,0.029567,0.00352,0.003041,0.004525,-0.016258,0.003494,-0.017682,-0.001356,-0.011809,0.011137
BMAC_or_Oxus_Civilization:I7492,0.078538,0.082258,-0.121056,0.003876,-0.095095,0.023148,0.00235,-0.006461,-0.065243,-0.036629,-0.001786,0.002248,-0.002973,-0.003991,0.012486,0.02559,0.009779,-0.003927,0.002891,-0.018884,-0.005865,-0.022381,0.001725,-0.006989,0.012693
BMAC_or_Oxus_Civilization:I7542,0.07057,0.094444,-0.108611,-0.003876,-0.081246,0.023427,0.012456,-0.009461,-0.067697,-0.042825,-0.006983,0.006145,0.001487,-0.00523,0.016558,0.015911,-0.022556,0.010388,0.005028,-0.024262,-0.006863,-0.016569,-0.000246,-0.019641,0.008981
BMAC_or_Oxus_Civilization:I4161,0.085367,0.074134,-0.102577,0.014535,-0.100634,0.024542,0.001645,-0.012692,-0.069743,-0.03426,-0.000812,0.000749,-0.005649,-0.007982,0.025787,0.018563,-0.014864,-0.002407,-0.000503,-0.023011,0.004492,-0.008161,-0.000986,-0.011568,0.006107
BMAC_or_Oxus_Civilization:I4163,0.079676,0.07718,-0.113513,0.019057,-0.094787,0.02008,0.007285,-0.009,-0.060744,-0.038087,-0.005521,0.002698,0.000297,-0.012111,0.026465,0.018563,-0.007041,0.008995,0.00088,-0.018884,-0.001996,-0.015704,0.001602,-0.012411,0.013053
BMAC_or_Oxus_Civilization:I4312,0.083091,0.081242,-0.107102,0.002584,-0.096018,0.026774,0.006345,-0.00923,-0.06463,-0.041732,-0.001461,-0.003297,0.007879,-0.007844,0.021172,0.026783,-0.015907,0.007855,0.003268,-0.029389,-0.000873,-0.013107,-0.0053,-0.018075,0.00491
BMAC_or_Oxus_Civilization:I4313,0.080814,0.078196,-0.106348,0.009044,-0.094479,0.020359,0.009635,-0.008769,-0.059516,-0.035354,-0.001624,0.001199,0.005946,-0.018166,0.010586,0.035534,0.004955,0.000887,0.00905,-0.02026,0.001373,-0.015086,-0.004067,-0.009399,0.008263
BMAC_or_Oxus_Civilization:I4315,0.080814,0.069056,-0.112382,0.014858,-0.096633,0.023985,0.00141,-0.011769,-0.064834,-0.047564,0.011854,-0.003597,-0.006838,-0.012524,0.023615,0.027048,0.001956,0.004307,0.003645,-0.024762,0.004492,-0.010263,0.008134,-0.00494,0.00479
BMAC_or_Oxus_Civilization:I7411,0.081953,0.075149,-0.106348,0.010013,-0.095095,0.028726,-0.00141,-0.005077,-0.055221,-0.036994,-0.001461,0.001049,0,-0.015827,0.023208,0.018563,-0.017341,0.001014,-0.002263,-0.010505,-0.001747,-0.000742,-0.002588,-0.024461,0.015088
BMAC_or_Oxus_Civilization:I7412,0.0774,0.080227,-0.122187,-0.004199,-0.104943,0.018407,0.00799,-0.006,-0.062993,-0.043008,0.01088,-0.005995,-0.002527,-0.010459,0.009229,0.040705,0.005607,0.000253,0.004902,-0.01063,-0.000749,-0.011871,-0.006902,-0.019641,0.011256
BMAC_or_Oxus_Civilization:TKM_Parkhai_LBA:I6668,0.083091,0.096475,-0.108988,-0.007106,-0.094479,0.018686,0.003995,-0.001846,-0.079969,-0.039727,0.004872,0.008692,-0.00223,-0.007707,0.021715,0.035667,0.009909,0.005068,0.009553,-0.018759,0.012228,-0.0115,-0.003328,-0.017231,0.01437
BMAC_or_Oxus_Civilization:TKM_Sumbar_LBA:I6675,0.081953,0.1046,-0.117662,-0.013243,-0.089247,0.014223,0.013396,0.001154,-0.073015,-0.039181,0.000812,-0.002548,-0.009217,-0.006744,0.017915,0.03275,0.007823,0.007348,0.004651,-0.02001,0.002371,-0.010387,-0.005669,-0.013014,0.002634
