Afanasievo:China_Xinjiang_Ayituohan_Afanasievo_BA.SG:AYIM22BN.SG,0.111547,0.028435,0.048271,0.12694,-0.052933,0.051595,-0.014806,-0.016384,-0.039064,-0.06925,0.006658,-0.009741,0.004608,-0.037158,0.030266,0.022408,-0.003651,-0.000507,-0.004777,0.008254,-0.009733,0.001978,0.003204,0.020846,-0.002395
Afanasievo:China_Xinjiang_Ayituohan_Afanasievo_BA.SG:AYIM22BY.SG,0.105855,0.013202,0.05242,0.114666,-0.054164,0.038208,-0.012221,-0.007384,-0.047245,-0.073441,0.003897,-0.004346,0.012933,-0.038534,0.039087,0.014585,-0.017732,0.004307,0.002137,-0.004377,-0.006114,0.005317,0.016885,0.018918,-0.011735
Afanasievo:China_Xinjiang_Ayituohan_BA_Afanasievo:C2034,0.106994,0.010155,0.049026,0.105622,-0.049548,0.044065,-0.01081,-0.008307,-0.052767,-0.068703,0.005196,-0.005395,0.003122,-0.032066,0.033387,0.015646,-0.019949,-0.004814,0.001634,0.001126,-0.012104,0.005441,0.014297,0.011929,-0.011137
Afanasievo:China_Xinjiang_Songshugou_Afanasievo_BA.SG:SSGM16.SG,0.120652,0.026404,0.051288,0.136307,-0.048009,0.039602,-0.005875,-0.016153,-0.05379,-0.078179,0.01023,-0.001349,0.007582,-0.039222,0.043159,0.017104,-0.013169,-0.003294,-0.006159,0.004502,-0.016471,0.003586,0.011216,0.024943,-0.003952
Afanasievo:China_Xinjiang_G218_BA_Afanasievo:C3339,0.104717,-0.008124,0.053551,0.119511,-0.066474,0.025937,-0.012221,-0.026307,-0.043155,-0.076904,0.003735,-0.005845,0.006244,-0.046516,0.020765,0.026916,-0.007693,-0.004307,-0.008925,-0.00025,-0.015597,0.014838,0.020582,0.021449,-0.003832
Afanasievo:China_Xinjiang_G218_BA_Afanasievo:C3340,0.105855,0.016248,0.052797,0.125002,-0.046162,0.049921,-0.00752,-0.015922,-0.034769,-0.067974,0.003085,-0.003747,0.008028,-0.021469,0.03203,0.012066,-0.004824,0.006461,0.003897,-0.003126,-0.018717,0.000989,0.007765,0.00723,0.006945
Afanasievo:China_Xinjiang_Nileke_Afanasievo_BA.SG:G218M5-2.SG,0.108132,-0.010155,0.059208,0.123387,-0.063396,0.039324,-0.014571,-0.025384,-0.046018,-0.074899,0.008931,0.004796,0.004757,-0.048443,0.029858,0.018165,-0.005607,-0.000633,-0.011313,0.005378,-0.020838,0.010634,0.021322,0.023377,-0.005149
Afanasievo:China_Xinjiang_Nileke_Afanasievo_BA.SG:G218M5-3N.SG,0.104717,-0.036559,0.056568,0.115312,-0.060627,0.03514,-0.021386,-0.022384,-0.037428,-0.069432,0.00341,0.002847,0.02661,-0.040736,0.035016,0.008088,-0.017602,0.000253,0.000251,0.004627,-0.021712,0.011747,0.012571,0.025184,-0.005628
Afanasievo:Mongolia_Chalcolithic_Afanasievo_1:I6221,0.12862,0.087336,0.042992,0.111436,-0.03139,0.043228,0.00282,-0.003,-0.055017,-0.067427,0.002111,0.006594,0,-0.02257,0.036102,0.010872,-0.015255,0.003041,0.002011,0.010255,-0.000749,-0.002968,0.001849,0.014701,-0.001317
Afanasievo:Russia_Afanasievo:I10564,0.120652,0.083273,0.034695,0.113051,-0.044316,0.039881,0.001645,0.000692,-0.061766,-0.069432,0.007307,-0.005995,-0.008176,-0.020643,0.028501,0.013657,0.010952,-0.006334,-0.001131,0.003627,-0.023583,-0.005812,0.018117,0.015062,-0.002395
Afanasievo:Russia_Afanasievo:I10565,0.12862,0.088351,0.046386,0.112082,-0.028621,0.045738,0.00423,-0.002538,-0.052563,-0.078544,0.002436,0.000749,0.003122,-0.036195,0.035559,0.025059,-0.00691,-0.002787,-0.010056,0.010505,0.003619,0.004822,0.011585,0.023136,0.000958
Afanasievo:Russia_Afanasievo:I11112,0.124067,0.090382,0.039598,0.100453,-0.026466,0.03765,0.008225,-0.001846,-0.054608,-0.075446,0.003735,-0.001049,-0.000892,-0.00867,0.032573,-0.004906,-0.024512,-0.004687,-0.005154,0.002126,-0.008111,0.00136,0.01023,0.016629,-0.000599
Afanasievo:Russia_Afanasievo:I11752,0.120652,0.08632,0.045254,0.12048,-0.033545,0.049921,0.00705,0.000231,-0.057267,-0.07581,0.001949,3.00E-04,-0.002973,-0.012524,0.038409,0.007292,-0.019036,0.002914,-0.00088,0.004377,-0.009109,-0.001607,0.007641,0.021449,0.000958
Afanasievo:Russia_Afanasievo:I1829,0.129758,0.094444,0.038466,0.112728,-0.025851,0.05522,0.005875,-0.003231,-0.050926,-0.083829,-0.004547,-0.003297,0.001933,-0.013349,0.038273,0.021745,-0.010561,-0.00266,-0.004022,0.008129,0.006489,0.00371,0.016392,0.017593,-0.007903
Afanasievo:Russia_Afanasievo:I2069,0.129758,0.081242,0.046763,0.114666,-0.032929,0.046296,0.002115,-0.003231,-0.054812,-0.07909,-0.006008,0.000749,0.004906,-0.023809,0.041666,0.012994,-0.010691,0.003167,-0.006034,-0.001376,-0.012603,-0.002226,0.008011,0.029161,-0.012933
Afanasievo:Russia_Afanasievo:I2071,0.129758,0.098506,0.04186,0.111759,-0.027697,0.051595,0.007755,-0.007615,-0.054403,-0.076357,-0.004222,0.005995,0.007136,-0.026699,0.041938,0.014054,-0.012778,-0.000253,0.002388,0.010005,-0.008485,-0.006059,0.007518,0.021208,0.007185
Afanasievo:Russia_Afanasievo:I3387,0.124067,0.079211,0.047894,0.114343,-0.028005,0.047133,0,0.000231,-0.05604,-0.086198,0.002273,-0.004646,0.001338,-0.02835,0.047909,0.006232,-0.00665,-0.005194,-0.00729,0.025637,-0.00861,0.018548,0.01898,0.034101,-0.013651
Afanasievo:Russia_Afanasievo:I3388,0.119514,0.092413,0.036581,0.104653,-0.025543,0.039881,0.012456,0.000231,-0.061562,-0.072165,0.000487,-0.003447,-0.004162,-0.020093,0.025108,0.010342,-0.007041,-0.0019,-0.003897,0.016883,-0.010731,-0.004822,0.010476,0.023136,-0.001557
Afanasievo:Russia_Afanasievo:I3950,0.1161,0.099522,0.044877,0.111759,-0.039392,0.045459,0.002585,0.000462,-0.064016,-0.080184,0.004384,-0.003447,0.008028,-0.01913,0.038545,0.006895,-0.029336,-0.00038,-0.006285,0.006003,-0.013351,0.005441,0.007518,0.013255,-0.005628
Afanasievo:Russia_Afanasievo:I3952,0.127482,0.092413,0.046386,0.104329,-0.038161,0.046575,0,-0.003461,-0.054403,-0.076357,-0.004384,-0.001499,-0.008176,-0.02546,0.04153,0.003845,-0.007171,-0.005448,0.000126,0.012631,-0.002995,-0.000371,0.011339,0.026269,0.002275
Afanasievo:Russia_Afanasievo:I3954,0.114961,0.089367,0.037335,0.11079,-0.030775,0.05271,0.000705,-0.007384,-0.070765,-0.086562,-0.001786,0.002997,-0.002973,-0.016515,0.034744,0.000663,-0.009909,-0.006081,-0.004902,0.015382,-0.007736,-0.002349,0.014543,0.018918,0.00012
Afanasievo:Russia_Afanasievo:I5269,0.122929,0.090382,0.034318,0.105622,-0.026466,0.047411,-0.001175,-0.004846,-0.059721,-0.074535,-0.006171,0.003147,-0.0055,-0.024359,0.041123,0.010607,-0.005085,-0.00266,-0.001006,0.007754,-0.005615,-0.000124,0.013804,0.027715,-0.006945
Afanasievo:Russia_Afanasievo:I5270,0.130897,0.080227,0.042615,0.109821,-0.01908,0.056057,0.000705,-0.009,-0.049495,-0.075446,-0.000974,0.006294,-0.001784,-0.023533,0.030401,0.018165,0.009388,-0.012035,0.008925,0.002876,-0.001248,0.000866,0.023664,0.014219,0.003233
Afanasievo:Russia_Afanasievo:I5271,0.132035,0.079211,0.026398,0.128232,-0.033852,0.037929,0.003995,-0.002769,-0.061562,-0.079455,0.004872,0.002847,-0.018285,-0.037296,0.038545,0.019756,0.001304,-0.004941,-0.004399,0.002876,0.000749,0.009398,0.015159,0.037475,-0.002155
Afanasievo:Russia_Afanasievo:I5272,0.119514,0.094444,0.037712,0.108206,-0.029852,0.032909,0.00799,0.000231,-0.058289,-0.071619,-0.000487,-0.003447,-0.003717,-0.014588,0.036644,-0.006364,-0.01004,-0.001647,-0.001508,0.005753,-0.00262,-0.011005,0.007272,0.02663,-0.003712
Afanasievo:Russia_Afanasievo:I5273,0.118376,0.08632,0.047517,0.108852,-0.022773,0.032351,0.007755,-0.002538,-0.053994,-0.069614,0.000487,-0.000599,0.005054,-0.01968,0.036102,0.010342,-0.012647,-0.00266,-0.000628,0.014257,-0.010107,-0.005317,0.016145,0.018316,-0.003952
Afanasievo:Russia_Afanasievo:I5277,0.121791,0.081242,0.049403,0.115958,-0.03693,0.047133,0.002115,-0.000923,-0.059107,-0.074352,0.002598,0.005995,-0.005054,-0.015964,0.046824,-0.007027,-0.027641,-0.004814,-0.002388,0.001,-0.002121,-0.000247,0.010353,0.023738,-0.001317
Afanasievo:Russia_Afanasievo:I5278,0.113823,0.087336,0.043746,0.125971,-0.03693,0.047969,-0.0094,0.004384,-0.067288,-0.078908,-0.000974,-0.01094,0.006541,-0.018166,0.036509,0.019358,0.016559,-0.000633,-0.006536,0.006503,0.009982,0.007419,0.007395,0.028197,0.003473
Afanasievo:Russia_Afanasievo:I5279,0.118376,0.09546,0.042238,0.113697,-0.035699,0.04769,-0.005405,-0.003923,-0.067493,-0.085469,-0.002111,-0.003747,0.003122,-0.005505,0.037866,-0.009281,-0.032205,-0.003294,-0.003771,0.00963,-0.006988,0.005193,0.014173,0.021087,-0.003233
Afanasievo:Russia_Afanasievo:I6711,0.127482,0.08632,0.054682,0.121449,-0.021542,0.049643,0.0047,0.007384,-0.064834,-0.093852,0.001624,0.010191,-0.005946,-0.019542,0.053745,0.009944,-0.012778,0,-0.008799,0.028264,-0.014849,0.005812,0.012202,0.040006,-0.012334
Afanasievo:Russia_Afanasievo:I6713,0.12862,0.099522,0.027153,0.10336,-0.035391,0.046296,0.00611,-0.004154,-0.064834,-0.071254,0.002436,0.007493,-0.012636,-0.028763,0.02538,0.011668,0.002738,-0.007728,-0.007039,0.012881,-0.008235,-0.00136,0.014173,0.025184,0
Afanasievo:Russia_Afanasievo:I6715,0.126344,0.080227,0.037335,0.108529,-0.030467,0.046575,-0.005405,-0.009692,-0.064834,-0.076357,-0.004384,0.002997,-0.010704,-0.019542,0.040445,0.000663,-0.016168,-0.003674,-0.003142,0.010755,-0.006489,0.00779,0.01479,0.01458,-0.001916
Afanasievo:Russia_Afanasievo.SG:RISE507.508.merge_noUDG.SG,0.1161,0.099522,0.050157,0.110467,-0.022773,0.052431,-0.003525,-0.007384,-0.058289,-0.072894,-0.00406,-0.004196,0.000892,-0.010872,0.038002,0.025192,0.000391,0.001394,0.005531,0.01113,-0.007362,0.006925,0.017624,0.032896,-0.003592
Afanasievo:Russia_Afanasievo.SG:RISE509_noUDG.SG,0.121791,0.087336,0.04186,0.115958,-0.030467,0.045738,0.003995,-0.001154,-0.055017,-0.081642,0.005034,0.001049,-0.001635,-0.036195,0.035287,0.024529,-0.002999,-0.005321,-0.012193,0.00963,0.001248,0.004946,0.004807,0.021328,0.002634
Afanasievo:Russia_Afanasievo.SG:RISE510_noUDG.SG,0.114961,0.061947,0.040352,0.099807,-0.02462,0.035698,0.003055,-0.005769,-0.052767,-0.081642,-0.002273,0.005845,-0.007582,-0.025598,0.031351,-0.011933,-0.006519,-0.025211,-0.008045,0.005253,-0.003868,-0.006801,0.003081,0.02892,-0.008263